time,x,y,z,phi,theta,psi,x_velocity,y_velocity,z_velocity,phi_velocity,theta_velocity,psi_velocity,rotor_speed1,rotor_speed2,rotor_speed3,rotor_speed4
0.06,9.41145911927e-08,3.98281256977e-07,10.0043213564,0.000338493390977,6.28293352102,0.0,1.49533904095e-05,3.36907659462e-05,0.144037180293,0.0150401127306,-0.0142919587549,0.0,451.65021697886885,450.4963427516573,449.629072439071,450.8456065401104
0.12000000000000001,9.22494701757e-06,1.33992461405e-05,10.0167961756,0.000793212054211,6.28254659764,0.0,0.000351839839564,0.000479509910674,0.271767559484,-0.0147310070148,0.00585543816573,0.0,445.74539781339143,447.38862665417906,445.9396575206717,443.5015180455484
0.18,4.26953751573e-05,5.56272201154e-05,10.0368247366,6.28309122897,6.28268129632,0.0,0.0007368893736,0.000834575066743,0.395815725385,-0.0149027403573,-0.00618451217411,0.0,444.85112634074983,443.8642710556681,444.7703200260837,444.75636280095307
0.23999999999999996,9.68453792044e-05,0.000101614177711,10.0602612445,6.28262058473,6.28192843939,0.0,0.00111220093003,0.000642276814954,0.385404837967,0.00346263501375,-0.0299994438496,0.0,401.83487167808573,399.6705742418001,399.4281171344518,401.0993074931424
0.3,0.000202264726657,0.000127270381807,10.0899982358,6.28261656742,6.27998481072,0.0,0.00262533654363,0.000226562616617,0.60573664733,-0.00827481977926,-0.0376721412575,0.0,473.5861970578391,472.9954277775047,474.62401455242406,473.7224761706267
0.36000000000000004,0.000434744545492,0.000126827235885,10.1299028343,6.28209532595,6.27886565386,0.0,0.00528521386459,-0.000294584431213,0.724347807729,-0.00952548099342,0.004536615488,0.0,441.3672790669339,444.8364883743479,443.2772487340033,443.17459716862766
0.4200000000000001,0.000840431014101,8.42039256221e-05,10.1765773059,6.28153650133,6.2795824437,0.0,0.00818324817481,-0.00118434350719,0.831395842213,-0.00889359279339,0.0237044645956,0.0,438.40336715035835,439.9928231903658,440.1483180915604,440.20072439157883
0.48000000000000015,0.00140844743532,-2.73909763229e-05,10.2319784058,6.28064524962,6.28131265473,0.0,0.0105679980147,-0.00261217594506,1.01516258816,-0.0307587112235,0.0375115468635,0.0,463.21323032327945,464.2977925478973,463.97884123447903,462.2593258693392
0.5400000000000001,0.00206364678628,-0.00022656586131,10.2899353153,6.27856709955,0.000733757953851,0.0,0.0110941717224,-0.00416871788852,0.916819298737,-0.0438068495748,0.0532342563145,0.0,369.3395175318443,370.8882135317428,370.00275090837243,368.7152427840124
0.6000000000000002,0.00269830290406,-0.000594838998611,10.3507265826,6.27684915932,0.00382819895673,0.0,0.00969717410228,-0.0083457063219,1.10938727129,-0.00861079981507,0.0480290109711,0.0,467.12297786984954,466.7185092057761,464.1239262326722,466.87734626676956
0.6600000000000003,0.00318791011591,-0.00123159763856,10.4207816622,6.27635373461,0.00635831853861,0.0,0.00633706470765,-0.0129316436431,1.22566261153,-0.00755884486704,0.0266391104877,0.0,444.29810808886225,442.5420544843718,443.10051358185854,443.18709317490203
0.7200000000000003,0.00341856426308,-0.00216275154523,10.4991038457,6.2755786652,0.00817205397838,0.0,0.00116272922528,-0.0181702383347,1.38489561354,-0.0266832580958,0.036583340965,0.0,456.4089674241239,457.20212480695966,457.5721581911804,456.04739766590137
0.7800000000000004,0.00327981416929,-0.00344492827484,10.5888242708,6.27393471141,0.0105254400148,0.0,-0.00605839182939,-0.0247611212888,1.60549786262,-0.0288708377863,0.0440382422493,0.0,475.53526780139043,476.1065804382542,475.2607557941013,475.0929433443838
0.8400000000000004,0.00267412323923,-0.00514071605784,10.6894446648,6.27215431813,0.0135148562674,0.0,-0.0144361854622,-0.0319533257169,1.7483022035,-0.0313280234173,0.0594193150626,0.0,452.06024498959687,453.2993178605873,453.0338027513272,452.8359475860061
0.9000000000000005,0.00141413525726,-0.00737371831663,10.8044698992,6.27054214463,0.0169957763678,0.0,-0.0280386524387,-0.0427113387813,2.08531075303,-0.0191829566914,0.0550494520512,0.0,509.50823243733606,509.1976041757378,509.037784531839,509.9059899998029
0.9600000000000005,-0.000724074213915,-0.0102689190341,10.9378072523,6.26954632637,0.0204659085517,0.0,-0.043658681945,-0.0539249968126,2.35873493494,-0.0118708038234,0.0628928786414,0.0,492.8247796493112,493.40608650511734,492.37772061560156,492.91846472729014
1.0200000000000005,-0.00384397580589,-0.0138293035719,11.0852631888,6.26884176522,0.0249011509422,0.0,-0.0608138432932,-0.0648310428181,2.55603065162,-0.0114876753342,0.0898919737539,0.0,471.4963945208935,473.5813075934928,471.4247717178273,471.454505756709
1.0800000000000005,-0.00807904262824,-0.0180467630035,11.2435986292,6.26810608808,0.0301352074634,0.0,-0.0809392153432,-0.0758247771205,2.72142025751,-0.0138551944677,0.081308858161,0.0,463.09829899361057,462.42863341559683,464.09468554915964,463.90895462784925
1.1400000000000006,-0.0135925175402,-0.0229187408699,11.410390716,6.26726398524,0.0348767522005,0.0,-0.103337301541,-0.0866573850337,2.8380145414,-0.0143971894414,0.0740197220279,0.0,449.43407305185826,448.847814642206,449.4981712518905,449.45436149595037
1.2000000000000006,-0.0204239840544,-0.0284025695939,11.5806871699,6.26623629837,0.0392134745701,0.0,-0.124761446581,-0.0962187090207,2.83851490975,-0.0232414072703,0.0685493233105,0.0,412.9738211826033,412.4954801476163,412.4184942277924,411.63662238703137
1.2600000000000007,-0.0287940172964,-0.0345556511466,11.7554102385,6.26451883375,0.0442727472203,0.0,-0.154736054539,-0.109043345314,2.98518858941,-0.0424691213622,0.104861658728,0.0,457.9999747441796,460.8840941014503,459.7833190782936,458.2571905913073
1.3200000000000007,-0.0390626484914,-0.0415126999693,11.9385130262,6.26202282127,0.0503307580155,0.0,-0.188196602015,-0.123120217941,3.11784420108,-0.0399171242913,0.0917520447053,0.0,456.46631240398597,455.42739886871226,455.5585369135273,455.76167284696373
1.3800000000000008,-0.0514983266335,-0.0493804451429,12.1301784054,6.26000456352,0.0555742041151,0.0,-0.22689607476,-0.13936779839,3.27053447112,-0.0233642741784,0.0768158971719,0.0,463.2421231032169,462.0720451509474,462.12399057263355,463.4264804108492
1.4400000000000008,-0.0662095735052,-0.0581980711358,12.3281737111,6.2582967373,0.0602275219487,0.0,-0.263913252171,-0.154694995235,3.32910338207,-0.0413592001539,0.0789937025653,0.0,433.60602775513814,433.7938904269208,435.7952672848861,434.28816648010496
1.5000000000000009,-0.0833630625623,-0.0680259341697,12.5318057679,6.25605474302,0.0645650018096,0.0,-0.308334523115,-0.173139846753,3.45820300229,-0.0303864260068,0.0534645027964,0.0,457.636076386936,455.6031336850515,456.8418074335837,457.71527992654563
1.560000000000001,-0.103262994713,-0.0790035931888,12.7430781626,6.25424075016,0.0679232037757,0.0,-0.355319330761,-0.19296319003,3.58378434518,-0.0299285914222,0.0605596748381,0.0,456.22186915266104,456.79007181239837,456.9894379196925,457.02566463890696
1.620000000000001,-0.125849804357,-0.0911217031443,12.9588830568,6.25223448274,0.0714660318348,0.0,-0.397896039187,-0.211142742576,3.60959022588,-0.0415872494247,0.0558376078044,0.0,426.9101805904008,426.5096444560063,425.84436128155403,424.84531756889055
1.680000000000001,-0.151496745154,-0.104561608439,13.1823315033,6.24956874112,0.074400196355,0.0,-0.457336477938,-0.237140920156,3.8378962797,-0.0508213113492,0.0290660645234,0.0,489.4298267901681,487.4343161454281,488.5718988477128,487.8819669592592
1.740000000000001,-0.180753519839,-0.119618686637,13.4191748398,6.24676087323,0.0765333601998,0.0,-0.518068800716,-0.265083629207,4.05608198747,-0.0397707570767,0.0461044552468,0.0,486.6937543667094,487.96780840894746,486.22136775009324,487.04746029379254
1.8000000000000012,-0.213136468535,-0.136142331754,13.6616584552,6.24504751148,0.0801369683459,0.0,-0.561643811441,-0.285872254651,4.026763565,-0.0123814093061,0.0789642413297,0.0,409.0834043705143,412.00191929528233,411.0541690858023,413.474018741978
1.8600000000000012,-0.248333453626,-0.154000450188,13.9040186287,6.2443687319,0.084560955363,0.0,-0.612002127341,-0.309458415233,4.05176105636,-0.00925750397855,0.060408461018,0.0,429.6631894741333,428.09135301910976,429.82507459883743,430.08987972933545
1.9200000000000013,-0.287110244682,-0.173504284447,14.1534856765,6.24374153328,0.088014285062,0.0,-0.680913617763,-0.340708177342,4.26297314444,-0.0129591215701,0.0511355474725,0.0,487.59663561730383,486.90530231217383,486.45815902665765,486.1810139441038
1.9800000000000013,-0.329577908076,-0.194664944877,14.4097080181,6.24306455632,0.0907544661214,0.0,-0.734935546343,-0.364709289808,4.27766428627,-0.00812534822263,0.0315430922907,0.0,429.00706115477556,427.34131465170225,427.9722747395854,428.3836635657601
2.0400000000000014,-0.375352248276,-0.217285114629,14.6670099842,6.24282269286,0.0925750435977,0.0,-0.791040560167,-0.389325229359,4.2989444139,0.00310660944701,0.0278281234219,0.0,430.65181180763113,430.3377635419416,430.1434081365903,431.093710173742
2.1000000000000014,-0.424348107187,-0.241307450329,14.9236681662,6.24309287423,0.0940936607391,0.0,-0.84230474257,-0.411407920311,4.25645273326,0.00715912387868,0.0197286643092,0.0,410.212283939673,409.49250252052724,408.9430540249344,409.30383911111187
2.1600000000000015,-0.476803304834,-0.266800720412,15.1815607356,6.24419616067,0.0949901912951,0.0,-0.90628454459,-0.438273883101,4.33961625325,0.0345795006442,0.00305194367701,0.0,451.527633954355,450.18001806672964,448.6316541139194,450.85273828629266
2.2200000000000015,-0.533139695696,-0.293889150134,15.4447070017,6.24584653423,0.0957582115048,0.0,-0.971622532356,-0.464468240422,4.43154551456,0.00704348922842,0.0273692780227,0.0,452.6393702480716,454.59223967002447,454.9722463240185,452.76218499667215
2.2800000000000016,-0.593287397907,-0.322471420973,15.7120025884,6.24638919285,0.0974059353921,0.0,-1.03344616265,-0.488222905136,4.47807994366,0.0127724907275,0.0276469676964,0.0,440.48605246007725,440.5092097732906,439.848797486756,440.32293338259416
2.3400000000000016,-0.65742942086,-0.352561409658,15.9846484005,6.24759057138,0.0988458711838,0.0,-1.10474516003,-0.514651029452,4.60953947759,0.0315764585592,0.0154676401822,0.0,467.38262169677506,466.4323703881457,466.54899958651583,468.0149614744456
2.4000000000000017,-0.725997597678,-0.384248339501,16.26635426,6.25010146814,0.100176237385,0.0,-1.1809310407,-0.541304511705,4.77991090132,0.0570008727299,0.0330158137859,0.0,479.5508567192915,480.88209211211,478.41940097956785,480.3522478827838
2.4600000000000017,-0.798670352791,-0.417310531702,16.5532867002,6.2533317909,0.10255536207,0.0,-1.24169694854,-0.560478917794,4.78444281787,0.0466188376028,0.0504025137467,0.0,428.55907231048235,430.035409406846,431.2439182458826,430.3679374623093
2.520000000000002,-0.875492627461,-0.451597224622,16.8448861632,6.25653274118,0.105611902597,0.0,-1.31932112593,-0.582064344299,4.93482548522,0.0642229583397,0.0520003450045,0.0,476.30461055738664,476.428268884205,474.05876932863714,475.4113258482321
2.580000000000002,-0.956829875633,-0.487052981584,17.1434998564,6.26060182146,0.108361755892,0.0,-1.39218906594,-0.599394213205,5.01853281895,0.0741787541112,0.0291425556801,0.0,457.78850629308994,455.96691232260207,456.43774329984956,457.2349893605296
2.640000000000002,-1.0426773839,-0.523482332886,17.4479038174,6.26461126765,0.110271055082,0.0,-1.46954537893,-0.614468230133,5.12772483457,0.0450565527412,0.0367026269299,0.0,465.4697356024465,466.06138928471137,466.3954644192224,464.11796896987204
2.700000000000002,-1.13285480941,-0.560682058894,17.7556379238,6.26700296288,0.113100542399,0.0,-1.53660748878,-0.625300906251,5.13000509251,0.0266520693565,0.0625125043767,0.0,431.91926334597986,434.0921959457396,434.0175502423584,432.4706801390632
2.760000000000002,-1.22763982541,-0.598564659695,18.0681016818,6.26986454135,0.116647374322,0.0,-1.62322615047,-0.637179988828,5.28463821652,0.0723579033737,0.0512656762136,0.0,481.5314536681727,480.6819206198578,477.8526751695613,481.3256538898882
2.820000000000002,-1.32703291231,-0.637016694704,18.3841501676,6.27371184344,0.119446367449,0.0,-1.69015591748,-0.644217939981,5.25040408571,0.0375813097043,0.0352966006614,0.0,422.8449451610299,421.46813910192,425.404656839145,422.4186682567353
2.880000000000002,-1.43087512288,-0.675863608392,18.7013346773,6.2761184068,0.121082899515,0.0,-1.77142321858,-0.650451580824,5.32200158763,0.0447375425852,0.00199368464432,0.0,458.94778713521777,456.29659418939565,455.6801189690811,456.2526909706589
2.940000000000002,-1.53912743968,-0.715008911037,19.0187312326,6.27938263573,0.121134537534,0.0,-1.83706011259,-0.654163523428,5.25815296035,0.0688750665311,-0.00150783233817,0.0,414.23372545555435,413.9256168761442,412.2805844252085,414.4102663239164
3.000000000000002,-1.65202375397,-0.75434032899,19.3380367694,0.000515867295999,0.12066037911,0.0,-1.92608404139,-0.656440251227,5.38472808078,0.0775469898448,-0.0254822565357,0.0,474.7166090067239,472.87319332142357,473.3230758017759,473.9937145634047
3.0600000000000023,-1.77005667606,-0.793717358392,19.6633127639,0.00488084057989,0.118964871237,0.0,-2.00818636566,-0.655690612646,5.45744395692,0.0608326961427,-0.0344854096125,0.0,459.12436311141636,458.409178177459,459.25954368565726,457.9355305867936
3.1200000000000023,-1.89309139412,-0.832962579484,19.99381272,0.00873523279381,0.11707258707,0.0,-2.09275285543,-0.652107237701,5.55871740258,0.0703037318822,-0.0262144784608,0.0,466.8820660293006,467.52672580066377,468.6524436152748,469.3908996009771
3.1800000000000024,-2.02078349162,-0.87194346441,20.3270813671,0.0129843604176,0.115384156683,0.0,-2.16356069163,-0.646896564639,5.55027314093,0.0718289836969,-0.0323005920871,0.0,434.57072977825084,434.0599394073305,435.3443355365458,435.47591717651574
3.2400000000000024,-2.15303566782,-0.910498936032,20.6627216004,0.0171571003649,0.113082107551,0.0,-2.24463604664,-0.637871821391,5.63729707559,0.0645386566172,-0.0546658011882,0.0,466.34901268831817,464.5977007067458,464.2999692041349,463.73098947013483
3.3000000000000025,-2.28999988583,-0.948447894366,21.0025987904,0.0214169684443,0.109871454539,0.0,-2.32055506055,-0.626712381794,5.69168804329,0.0815099053068,-0.0512965054065,0.0,455.4252712268293,455.6929196998335,454.974145887869,456.33479435081495
3.3600000000000025,-2.43135132753,-0.98566668572,21.3446650282,0.0262971932305,0.106851172636,0.0,-2.39093434485,-0.613480586068,5.71044473099,0.0809893896028,-0.0484875019957,0.0,443.75950225009666,443.9884660576288,446.083519409997,446.0463253066043
3.4200000000000026,-2.5763860994,-1.02213019576,21.6832020216,0.0310405185335,0.104360361013,0.0,-2.4435125926,-0.601630977312,5.5748299114,0.0748788395938,-0.0303196788852,0.0,392.2215884975637,393.90442463815856,393.5425542777801,392.9822879504993
3.4800000000000026,-2.72499868057,-1.05768474985,22.0178414093,0.035223603219,0.102412525524,0.0,-2.51012942856,-0.583139400678,5.57978920097,0.0566267047348,-0.0371390552553,0.0,439.371438977563,438.8051736312867,440.16688653864145,438.65717228977024
3.5400000000000027,-2.87764820352,-1.09203649633,22.3534041568,0.0387096486295,0.0998403521116,0.0,-2.57802086248,-0.561609225595,5.60551131068,0.0608957828638,-0.057927898005,0.0,446.95055534973676,445.2515769442748,445.559634314724,445.91090747859533
3.6000000000000028,-3.03431630645,-1.12503760086,22.6903491973,0.0422499372091,0.096375840266,0.0,-2.64399535824,-0.538104638755,5.62591410864,0.0549277654123,-0.057372522179,0.0,444.3974316835735,444.44065902270046,444.7649904798392,444.27826701492734
3.660000000000003,-3.19483673506,-1.15658952064,23.0279307505,0.0458163669973,0.0926935327338,0.0,-2.70644692478,-0.513322058791,5.62682918085,0.0672061044211,-0.0708885733638,0.0,440.1138374514347,438.99069712230204,436.742152132424,437.76775077733964
3.720000000000003,-3.35917343771,-1.18652645906,23.3668940223,0.0503551513513,0.0886261020919,0.0,-2.77110924376,-0.484177294488,5.67175987754,0.0886771679351,-0.0622230884611,0.0,452.2878252032429,452.98193945458803,451.0421338301575,452.777420536352
3.780000000000003,-3.52741623664,-1.21457340437,23.7095377676,0.0558996575555,0.0843774605481,0.0,-2.83664371363,-0.450201895957,5.74933439565,0.0989812225535,-0.0996362779083,0.0,463.9189935923348,460.9671675573588,462.60044499410503,463.41803357928484
3.840000000000003,-3.6996009598,-1.24040895027,24.0578843682,0.0616311607109,0.0781512632517,0.0,-2.90225921295,-0.410403484088,5.86171309768,0.087524660036,-0.113670972449,0.0,473.59928639215826,472.50959364736127,475.1642544223995,474.2920895222356
3.900000000000003,-3.87534803461,-1.26394770225,24.4096300101,0.0666349120326,0.0713372889743,0.0,-2.95547809452,-0.373762761193,5.86322817493,0.0735067504977,-0.113357778072,0.0,440.9277003218294,440.94198814456433,441.11510404387934,439.96142790150657
3.960000000000003,-4.05434142901,-1.28505216404,24.7636746035,0.0708540292752,0.0644912477083,0.0,-3.01036794585,-0.329308665531,5.9379600509,0.0630316373679,-0.115628067099,0.0,463.92883122810247,463.73949526724675,463.35366097011604,462.5327937767685
4.020000000000002,-4.23638436462,-1.30354834461,25.1202133117,0.0751423517562,0.0582484068718,0.0,-3.05724459748,-0.286860049464,5.94670705075,0.0845033098432,-0.0874966843357,0.0,442.984662020172,445.28245866425203,441.96937444755696,443.739704412913
4.080000000000001,-4.42129746804,-1.31921969631,25.479837402,0.080839795027,0.0528527420082,0.0,-3.10604542994,-0.234996056442,6.04032059459,0.110305162811,-0.0952926947174,0.0,470.1689207139378,469.55809791719275,468.41975232571656,470.4291959096854
4.14,-4.60881506929,-1.33201735937,25.8406867286,0.0871569035936,0.0473997479879,0.0,-3.14419965625,-0.191042145687,5.98833064978,0.0926605250023,-0.0832738622121,0.0,424.49910033456223,425.5220229924725,425.060315953886,423.5552729697126
4.199999999999998,-4.79881821261,-1.34157530308,26.2041020087,0.092415092796,0.042029033787,0.0,-3.188734608,-0.127023877494,6.12482213244,0.074996053032,-0.106455071658,0.0,482.7163048008864,480.95720527836403,483.9764366705385,482.65042469284964
4.259999999999997,-4.99139678041,-1.3471593482,26.575925061,0.0968746331935,0.0357856691115,0.0,-3.22992416504,-0.0586808883497,6.26856252822,0.0729508210875,-0.0996479842307,0.0,485.57156546552665,486.0736045505229,486.2613944224152,486.11192398905933
4.319999999999996,-5.18616065199,-1.34901359576,26.9515680478,0.101256595091,0.0296964306181,0.0,-3.26178203036,-0.00272898521864,6.25302458357,0.0731958613468,-0.105442639247,0.0,439.10116859639703,438.61099850663413,438.8501922955414,438.87474643457966
4.379999999999995,-5.38267314022,-1.34769749223,27.3236958177,0.105760735568,0.0232449977434,0.0,-3.28827495376,0.0469968854556,6.15186493337,0.0785723418736,-0.112045895404,0.0,409.4341094945115,408.8347633078809,410.69778456964303,411.179406359478
4.439999999999993,-5.58074757406,-1.34308469215,27.6920357967,0.110088883996,0.0161143310022,0.0,-3.31372206457,0.107179831431,6.12634758358,0.0544036346772,-0.138066970515,0.0,435.29024228920247,433.0931091038035,434.731318863981,432.7049768274434
4.499999999999992,-5.78023800209,-1.33481328985,28.0586316229,0.113550129616,0.00753976685008,0.0,-3.33536237994,0.1688561012,6.09379715459,0.0635546187073,-0.154958621884,0.0,432.6826383113765,431.2379096502991,429.97226456305486,430.7494001879282
4.559999999999991,-5.98092371715,-1.32231271042,28.4273363402,0.117845863298,6.2815861224,0.0,-3.3533098769,0.24821157651,6.19591903828,0.0841391654781,-0.147500175848,0.0,472.8380153773581,473.3920014508425,471.4113057419467,473.0030301064813
4.6199999999999894,-6.18254395537,-1.30595318578,28.7938011116,0.122887540695,6.27299436547,0.0,-3.36691306152,0.297551853105,6.02061672806,0.0838047541743,-0.135747829589,0.0,380.93867275178735,382.03819009274366,382.30064355848793,382.27579967435105
4.679999999999988,-6.38481007594,-1.28569980708,29.1567289101,0.12758956428,6.26492990757,0.0,-3.37459314564,0.378013880505,6.07674245652,0.0643430313791,-0.131856295847,0.0,457.3889010868219,457.6826837014517,458.388118586088,456.8432248887126
4.739999999999987,-6.58738762694,-1.26047436393,29.5234461178,0.130992304212,6.25687565503,0.0,-3.37728715728,0.463170236004,6.14685402743,0.0335645042541,-0.139478605089,0.0,463.00386103150976,462.387784517386,463.2329748995539,460.8077477467434
4.799999999999986,-6.79010364854,-1.23065924522,29.8899536462,0.133698682397,6.24862902047,0.0,-3.3793351321,0.530927126861,6.07055116918,0.0616235392963,-0.133660962806,0.0,415.6783467240704,416.1690366340836,414.422056952538,416.88288254712296
4.859999999999984,-6.99258748366,-1.19583012419,30.2585416559,0.137771208526,6.24072719824,0.0,-3.36934295594,0.630382409889,6.2149855381,0.0781090060526,-0.128036807477,0.0,484.37695164258054,484.78542367980714,483.39108933411484,484.63498307511867
4.919999999999983,-7.1944469293,-1.15537032822,30.6326931274,0.142671557449,6.23311831921,0.0,-3.35864755119,0.718710168,6.25652535091,0.0879828531415,-0.12447831483,0.0,454.3469559227652,454.6179468437871,454.55363626561274,455.3495669097339
4.979999999999982,-7.39540985229,-1.10917663378,31.0116623265,0.148454928545,6.22609817806,0.0,-3.3394311184,0.821581804846,6.37511557201,0.109377687848,-0.105169582826,0.0,478.0652113931193,479.52305659615496,477.59840706090296,479.23474133400146
5.0399999999999805,-7.59501974974,-1.05652428969,31.3987805555,0.154941913102,6.2198038553,0.0,-3.31361535844,0.934092400838,6.52790728802,0.105468766916,-0.10438257174,0.0,488.4073394709889,488.4575234684945,491.7113089027684,491.43064048433655
